PlayerTeleported:(-3.700004,-0.6130405,0):(1,0,0,0.5)
PlayerTeleported:(-0.7635968,-2.172719,0):(1,0,0,0.5)
PlayerDied:(-5.980001,-8.559133,0):(1,0,0,0.5)
PlayerTeleported:(-5.860002,0.112899,0):(1,0,0,0.5)
PlayerTeleported:(-2.120355,-1.311427,0):(1,0,0,0.5)
PlayerDied:(-2.120355,-8.165057,0):(1,0,0,0.5)
PlayerDied:(-6.220001,-8.559133,0):(1,0,0,0.5)
PlayerDied:(-5.980001,-8.559133,0):(1,0,0,0.5)
PlayerTeleported:(-6.820001,3.114755,0):(1,0,0,0.5)
PlayerDied:(-4.120354,2.108185,0):(1,0,0,0.5)
PlayerDied:(-6.100001,-8.559133,0):(1,0,0,0.5)
PlayerTeleported:(-6.940001,3.114757,0):(1,0,0,0.5)
PlayerDied:(-3.280355,1.726838,0):(1,0,0,0.5)
PlayerDied:(-6.220001,-8.105546,0):(1,0,0,0.5)
PlayerTeleported:(-6.580001,3.114757,0):(1,0,0,0.5)
PlayerDied:(-4.120354,-1.060754,0):(1,0,0,0.5)
PlayerTeleported:(-6.940001,3.114757,0):(1,0,0,0.5)
PlayerDied:(-4.120354,1.901005,0):(1,0,0,0.5)
PlayerTeleported:(-6.340001,3.114757,0):(1,0,0,0.5)
PlayerDied:(-6.760352,-8.216077,0):(1,0,0,0.5)
PlayerTeleported:(-7.3,3.114757,0):(1,0,0,0.5)
PlayerDied:(1.039643,-8.548034,0):(1,0,0,0.5)
PlayerDied:(-5.260002,-8.292092,0):(1,0,0,0.5)
PlayerTeleported:(-7.18,1.875397,0):(1,0,0,0.5)
PlayerDied:(-4.120354,2.032876,0):(1,0,0,0.5)
PlayerTeleported:(-7.3,1.941857,0):(1,0,0,0.5)
PlayerDied:(-4.000354,0.8776848,0):(1,0,0,0.5)
PlayerTeleported:(-7.18,1.024757,0):(1,0,0,0.5)
PlayerDied:(-4.120354,0.2899998,0):(1,0,0,0.5)
PlayerTeleported:(-7.18,1.839337,0):(1,0,0,0.5)
PlayerDied:(-4.120354,1.852801,0):(1,0,0,0.5)
PlayerTeleported:(-7.06,1.024757,0):(1,0,0,0.5)
PlayerTeleported:(0.7996432,2.401971,0):(1,0,0,0.5)
PlayerDied:(2.88652,-8.438339,0):(1,0,0,0.5)
PlayerTeleported:(-6.820001,1.875397,0):(1,0,0,0.5)
PlayerDied:(-4.120354,1.640833,0):(1,0,0,0.5)
PlayerTeleported:(-6.580001,1.875397,0):(1,0,0,0.5)
PlayerDied:(0.07964344,1.252113,0):(1,0,0,0.5)
PlayerTeleported:(-6.700001,1.918437,0):(1,0,0,0.5)
PlayerTeleported:(0.9196431,3.019443,0):(1,0,0,0.5)
PlayerDied:(2.526521,-8.438339,0):(1,0,0,0.5)
PlayerTeleported:(-6.580001,1.764657,0):(1,0,0,0.5)
PlayerDied:(-4.120354,2.014772,0):(1,0,0,0.5)
PlayerTeleported:(-6.820001,1.875397,0):(1,0,0,0.5)
PlayerDied:(-4.120354,1.030065,0):(1,0,0,0.5)
PlayerDied:(-6.220001,-8.292118,0):(1,0,0,0.5)
PlayerTeleported:(-6.820001,1.875397,0):(1,0,0,0.5)
PlayerDied:(-0.6403562,1.350281,0):(1,0,0,0.5)
PlayerDied:(-5.860002,-8.09891,0):(1,0,0,0.5)
PlayerDied:(-6.220001,-8.292092,0):(1,0,0,0.5)
PlayerTeleported:(-6.340001,1.812737,0):(1,0,0,0.5)
PlayerDied:(-4.000354,0.7481968,0):(1,0,0,0.5)
PlayerTeleported:(-7.06,1.875397,0):(1,0,0,0.5)
PlayerDied:(-2.701179,0.8684705,0):(1,0,0,0.5)
PlayerDied:(-6.100001,-8.292092,0):(1,0,0,0.5)
PlayerTeleported:(-6.735148,1.875397,0):(1,0,0,0.5)
PlayerDied:(-1.105798,0.9798241,0):(1,0,0,0.5)
PlayerTeleported:(-6.940001,1.941857,0):(1,0,0,0.5)
PlayerDied:(-4.120354,0.8586816,0):(1,0,0,0.5)
PlayerTeleported:(-7.06,1.024757,0):(1,0,0,0.5)
PlayerDied:(1.519643,1.252357,0):(1,0,0,0.5)
PlayerTeleported:(-6.700001,1.812734,0):(1,0,0,0.5)
PlayerDied:(-1.960356,1.69738,0):(1,0,0,0.5)
PlayerDied:(-5.380002,-8.098689,0):(1,0,0,0.5)
PlayerTeleported:(-7.06,1.024757,0):(1,0,0,0.5)
PlayerDied:(1.159643,1.158129,0):(1,0,0,0.5)
PlayerTeleported:(-7.66,1.05228,0):(1,0,0,0.5)
PlayerDied:(-4.120354,0.1434845,0):(1,0,0,0.5)
PlayerTeleported:(-6.861178,1.024757,0):(1,0,0,0.5)
PlayerTeleported:(0.3196433,2.94753,0):(1,0,0,0.5)
PlayerDied:(3.00652,-8.438339,0):(1,0,0,0.5)
PlayerDied:(-6.100001,-8.098535,0):(1,0,0,0.5)
PlayerDied:(-5.860002,-8.098535,0):(1,0,0,0.5)
PlayerTeleported:(-5.500002,-0.5056083,0):(1,0,0,0.5)
PlayerTeleported:(-1.240356,-3.203359,0):(1,0,0,0.5)
PlayerTeleported:(-6.940001,1.021374,0):(1,0,0,0.5)
PlayerDied:(-4.120354,0.9316615,0):(1,0,0,0.5)
PlayerTeleported:(-7.66,1.764594,0):(1,0,0,0.5)
PlayerTeleported:(1.159643,2.203093,0):(1,0,0,0.5)
PlayerDied:(4.056536,-8.438339,0):(1,0,0,0.5)
PlayerDied:(-5.860002,-8.292092,0):(1,0,0,0.5)
PlayerDied:(-5.740002,-8.098535,0):(1,0,0,0.5)
PlayerTeleported:(-5.740002,-1.329641,0):(1,0,0,0.5)
PlayerTeleported:(-1.240356,-2.267796,0):(1,0,0,0.5)
PlayerDied:(-2.002197,-1.710441,0):(1,0,0,0.5)
PlayerDied:(-0.2500003,1.3352,0):(1,0,0,0.5)
PlayerDied:(-0.4900002,-0.06524286,0):(1,0,0,0.5)
PlayerDied:(5.389996,-8.367105,0):(1,0,0,0.5)
PlayerTeleported:(-6.240002,-1.329641,0):(1,0,0,0.5)
PlayerTeleported:(-2.080356,-2.653042,0):(1,0,0,0.5)
PlayerDied:(7.095519,-2.854306,0):(1,0,0,0.5)
PlayerTeleported:(-6.600001,1.024757,0):(1,0,0,0.5)
PlayerDied:(-4.120354,1.252841,0):(1,0,0,0.5)
PlayerTeleported:(-5.880002,-0.5056019,0):(1,0,0,0.5)
PlayerTeleported:(-1.720356,-2.935503,0):(1,0,0,0.5)
PlayerTeleported:(7.256603,-2.854306,0):(1,0,0,0.5)
PlayerTeleported:(-6.480001,1.024757,0):(1,0,0,0.5)
PlayerTeleported:(-1.360356,3.085478,0):(1,0,0,0.5)
PlayerTeleported:(2.397656,-2.854311,0):(1,0,0,0.5)
PlayerTeleported:(7.094673,-2.854306,0):(1,0,0,0.5)
